Train: 0.18255203428870567
Val: 0.1786220808193254