Train: 9.648977743655862e+31,1.261789397247305e+32,7.422290572042971e+31,8.906748686451565e+31,1.1875664915268753e+32,8.906748686451565e+31,9.648977743655862e+31,8.164519629247268e+31,1.261789397247305e+32,7.422290572042971e+31,7.422290572042971e+31,9.648977743655862e+31,1.0391206800860159e+32,1.1133435858064457e+32,1.1875664915268753e+32,5.937832457634376e+31,1.1133435858064457e+32,1.1133435858064457e+32,9.648977743655862e+31,1.3360123029677347e+32,8.906748686451565e+31,4.453374343225782e+31,1.5586810201290239e+32,1.4844581144085943e+32,8.906748686451565e+31,1.261789397247305e+32,1.1875664915268753e+32,8.164519629247268e+31,1.0391206800860159e+32,9.648977743655862e+31,7.422290572042971e+31,1.3360123029677347e+32,1.1875664915268753e+32,8.906748686451565e+31,7.422290572042971e+31,8.164519629247268e+31,9.648977743655862e+31,7.422290572042971e+31,8.164519629247268e+31,7.422290572042971e+31,6.680061514838673e+31,7.422290572042971e+31,1.1133435858064457e+32,8.164519629247268e+31,8.906748686451565e+31,1.1133435858064457e+32,8.906748686451565e+31,1.0391206800860159e+32,8.164519629247268e+31,1.1875664915268753e+32,8.164519629247268e+31,8.164519629247268e+31,1.0391206800860159e+32,9.648977743655862e+31,1.1875664915268753e+32,8.164519629247268e+31,1.1875664915268753e+32,1.0391206800860159e+32,1.4102352086881645e+32,8.906748686451565e+31,5.937832457634376e+31,7.422290572042971e+31,8.906748686451565e+31,8.164519629247268e+31
Val: 1.0732865172399708e+32,1.0732865172399708e+32,1.0732865172399708e+32,1.0732865172399708e+32,1.0732865172399708e+32,1.0732865172399708e+32,1.0732865172399708e+32,1.0732865172399708e+32,1.0732865172399708e+32,1.0732865172399708e+32,1.0732865172399708e+32,1.0732865172399708e+32,1.0732865172399708e+32,1.0732865172399708e+32,1.0732865172399708e+32,1.0732865172399708e+32,1.0732865172399708e+32,1.0732865172399708e+32,1.0732865172399708e+32,1.0732865172399708e+32,1.0732865172399708e+32,1.0732865172399708e+32,1.0732865172399708e+32,1.0732865172399708e+32,1.0732865172399708e+32,1.0732865172399708e+32,1.0732865172399708e+32,1.0732865172399708e+32,1.0732865172399708e+32,1.0732865172399708e+32,1.0732865172399708e+32,1.0732865172399708e+32,1.0732865172399708e+32,1.0732865172399708e+32,1.0732865172399708e+32,1.0732865172399708e+32,1.0732865172399708e+32,1.0732865172399708e+32,1.0732865172399708e+32,1.0732865172399708e+32,1.0732865172399708e+32,1.0732865172399708e+32,1.0732865172399708e+32,1.0732865172399708e+32,1.0732865172399708e+32,1.0732865172399708e+32,1.0732865172399708e+32,1.0732865172399708e+32,1.0732865172399708e+32,1.0732865172399708e+32,1.0732865172399708e+32,1.0732865172399708e+32,1.0732865172399708e+32,1.0732865172399708e+32,1.0732865172399708e+32,1.0732865172399708e+32,1.0732865172399708e+32,1.0732865172399708e+32,1.0732865172399708e+32,1.0732865172399708e+32,1.0732865172399708e+32,1.0732865172399708e+32,1.0732865172399708e+32,1.0732865172399708e+32