Train: 0.18255203428870564,0.18255203428870567,0.18255203428870564,0.18255203428870567,0.18255203428870567,0.18255203428870567,0.18255203428870567,0.18255203428870567,0.18255203428870567,0.18255203428870564,0.18255203428870567,0.18255203428870567,0.18255203428870564,0.18255203428870567,0.18255203428870567,0.18255203428870567,0.18255203428870567,0.18255203428870564,0.18255203428870564,0.18255203428870567,0.18255203428870564,0.18255203428870567,0.18255203428870567,0.18255203428870567,0.18255203428870567,0.18255203428870562,0.18255203428870564,0.18255203428870567,0.18255203428870567,0.18255203428870567,0.18255203428870567,0.18255203428870564,0.18255203428870564,0.18255203428870567,0.18255203428870567
Val: 0.1786220808193254,0.1786220808193254,0.1786220808193254,0.1786220808193254,0.1786220808193254,0.1786220808193254,0.1786220808193254,0.1786220808193254,0.1786220808193254,0.1786220808193254,0.1786220808193254,0.1786220808193254,0.1786220808193254,0.1786220808193254,0.1786220808193254,0.1786220808193254,0.1786220808193254,0.1786220808193254,0.1786220808193254,0.1786220808193254,0.1786220808193254,0.1786220808193254,0.1786220808193254,0.1786220808193254,0.1786220808193254,0.1786220808193254,0.1786220808193254,0.1786220808193254,0.1786220808193254,0.1786220808193254,0.1786220808193254,0.1786220808193254,0.1786220808193254,0.1786220808193254,0.1786220808193254