Train: 1.3360123029677347e+32,1.0391206800860159e+32,8.906748686451565e+31,1.781349737290313e+32,1.1133435858064457e+32,1.4844581144085943e+32,1.3360123029677347e+32,1.1875664915268753e+32,1.0391206800860159e+32,1.1875664915268753e+32,1.7071268315698833e+32
Val: 1.0732865172399708e+32,1.0732865172399708e+32,1.0732865172399708e+32,1.0732865172399708e+32,1.0732865172399708e+32,1.0732865172399708e+32,1.0732865172399708e+32,1.0732865172399708e+32,1.0732865172399708e+32,1.0732865172399708e+32,1.0732865172399708e+32