Train: 1.0,1.0,1.0,1.0,1.0,1.0,1.0,1.0,1.0,1.0,1.0,1.0,1.0,1.0,1.0,1.0,1.0,1.0,1.0,1.0,1.0,1.0,1.0
Val: 0.9589224089947679,0.9589224089947679,0.9589224089947679,0.9589224089947679,0.9589224089947679,0.9589224089947679,0.9589224089947679,0.9589224089947679,0.9589224089947679,0.9589224089947679,0.9589224089947679,0.9589224089947679,0.9589224089947679,0.9589224089947679,0.9589224089947679,0.9589224089947679,0.9589224089947679,0.9589224089947679,0.9589224089947679,0.9589224089947679,0.9589224089947679,0.9589224089947679,0.9589224089947679